# Random graph: 50 vertices, 150 edges
# Side branch rate: 20%
# Cycle rate: 20%
50 150
0 1
1 2
2 3
3 4
4 5
5 6
6 7
7 8
8 9
9 10
10 11
11 12
12 13
13 14
14 15
15 16
16 17
17 18
18 19
19 20
20 21
21 22
22 23
23 24
24 25
25 26
26 27
27 28
28 29
29 30
30 31
31 32
32 33
33 34
34 35
35 36
36 37
37 38
38 39
39 40
40 41
41 42
42 43
43 44
44 45
45 46
46 47
47 48
48 49
23 48
8 49
42 46
21 23
32 8
46 16
28 31
48 24
24 21
44 40
49 29
19 18
31 0
18 5
35 27
13 21
2 30
33 10
37 7
31 0
45 3
15 27
22 16
24 3
24 21
9 6
25 29
30 28
25 14
25 43
28 38
26 20
47 13
48 30
46 11
6 10
45 11
40 38
34 24
7 13
18 1
35 32
44 18
37 13
39 42
5 34
22 20
33 9
7 21
8 43
9 7
7 5
33 3
33 2
17 47
1 40
7 47
32 45
49 36
36 12
45 36
43 39
42 32
15 4
41 40
12 31
35 11
22 2
15 11
17 41
36 2
36 29
38 5
49 7
47 44
4 38
38 17
25 33
49 44
34 16
37 36
30 22
35 0
32 3
38 34
49 48
46 35
26 41
42 15
17 4
47 26
33 39
31 15
19 34
3 25
2 1
20 26
32 45
38 33
20 5
36 15
