# Random graph: 100 vertices, 300 edges
# Side branch rate: 20%
# Cycle rate: 20%
100 300
0 1
1 2
2 3
3 4
4 5
5 6
6 7
7 8
8 9
9 10
10 11
11 12
12 13
13 14
14 15
15 16
16 17
17 18
18 19
19 20
20 21
21 22
22 23
23 24
24 25
25 26
26 27
27 28
28 29
29 30
30 31
31 32
32 33
33 34
34 35
35 36
36 37
37 38
38 39
39 40
40 41
41 42
42 43
43 44
44 45
45 46
46 47
47 48
48 49
49 50
50 51
51 52
52 53
53 54
54 55
55 56
56 57
57 58
58 59
59 60
60 61
61 62
62 63
63 64
64 65
65 66
66 67
67 68
68 69
69 70
70 71
71 72
72 73
73 74
74 75
75 76
76 77
77 78
78 79
79 80
80 81
81 82
82 83
83 84
84 85
85 86
86 87
87 88
88 89
89 90
90 91
91 92
92 93
93 94
94 95
95 96
96 97
97 98
98 99
49 48
71 90
57 55
70 52
71 73
53 23
73 13
72 52
26 9
57 7
82 45
1 90
68 42
33 3
37 41
37 6
36 65
72 11
40 65
91 17
86 64
34 56
74 53
96 25
83 2
79 88
62 81
16 42
44 67
57 97
25 5
50 28
82 11
4 41
81 0
39 19
34 74
28 88
2 95
99 7
60 2
11 75
24 60
62 18
94 54
97 39
42 50
32 53
88 67
83 13
50 35
3 38
87 63
33 22
14 97
39 28
82 8
81 70
44 8
51 4
94 40
91 33
92 80
75 14
73 5
76 70
43 0
49 27
46 89
43 98
81 62
27 79
91 52
8 22
38 13
81 97
72 86
47 76
95 0
82 89
18 5
46 11
81 59
17 70
91 56
14 29
91 4
25 83
25 93
84 66
37 44
90 11
19 18
29 0
23 46
43 32
91 5
21 57
37 59
7 47
30 73
41 90
41 84
94 19
17 27
15 77
85 50
81 65
6 88
57 25
37 68
19 93
86 12
47 38
65 54
63 71
45 36
35 27
69 70
54 88
49 2
18 51
34 46
22 70
81 65
53 17
31 92
95 29
73 98
85 32
31 65
25 91
43 8
9 6
15 8
88 40
75 59
4 6
83 39
65 22
17 47
6 60
48 27
34 2
99 42
9 3
36 13
35 1
42 86
95 3
20 5
99 48
63 69
63 25
85 59
40 99
20 34
66 64
18 58
22 16
73 5
57 97
94 41
29 26
55 38
57 63
62 58
29 6
13 71
17 35
72 51
69 18
74 21
56 74
96 35
30 85
27 96
65 59
24 86
8 49
82 32
61 3
57 71
36 83
81 26
36 2
88 34
13 41
23 0
92 30
24 82
37 33
36 62
35 15
19 64
80 90
54 63
74 71
85 24
96 40
49 36
